Server started on port \\.\pipe\0ec02353-24c9-4f7d-ad96-7d03105d7e67
Connected to Database mongodb://gyanmitra19:GyanMitra19@127.0.0.1:27017/gyanmitra19
416
416
208
208
520
520
208
208
208
260
312
416
208
416
208
364
364
364
364
208
416
416
416
416
208
208
208
208
208
416
416
208
416
208
416
416
208
416
728
208
364
208
416
208
572
416
416
416
572
416
416
520
416
416
364
416
416
416
416
572
416
416
416
208
208
208
416
208
364
208
208
208
208
208
208
208
208
520
364
364
364
312
208
208
208
468
416
416
416
416
208
416
520
364
208
468
364
468
364
364
364
312
364
364
208
208
364
208
208
208
208
208
208
208
208
208
208
